     3.640     5.080     5.800     4.050      .480    -2.290    -2.600    -1.320
     -.400     -.410     -.200     1.300     3.530     4.890     4.480     2.810
     1.030     -.080     -.240      .430     1.330     1.600      .960      .290
      .710     2.080     2.950     2.380     1.200     1.000     2.060     3.080
     2.850     1.570      .380     -.190     -.510     -.960    -1.150     -.390
     1.230     2.740     3.270     2.900     2.300     1.800     1.190      .420
     -.280     -.770    -1.200    -1.320     -.390     1.640     3.420     3.430
     1.890      .620      .840     1.840     2.230     1.550      .250    -1.180
    -2.380    -2.760    -2.020     -.810     -.150      .140     1.210     3.380
     5.150     4.880     2.810      .740     -.290     -.950    -2.150    -3.360
    -3.260    -1.680     -.150      .020     -.580     -.280     1.360     3.000
     3.400     3.010     3.050     3.500     2.990      .750    -2.150    -4.040
    -4.360    -3.580    -2.010      .330     2.750     3.950     3.510     2.340
     1.340      .110    -2.070    -4.620    -6.120    -6.200    -5.940    -6.100
    -6.010    -4.770    -2.560     -.140     2.200     4.300     5.650     6.150
     6.810     7.990     7.490     2.750    -4.650    -8.830    -5.640     2.220
     8.050     8.360     5.220     2.240      .380    -1.440    -3.830    -6.150
    -7.250    -6.050    -2.330     1.970     3.570     1.410    -1.650    -2.110
     -.420     -.180    -3.010    -6.440    -7.560    -6.790    -6.350    -6.420
    -4.870     -.580     4.410     6.700     4.710      .100    -3.370    -2.830
     1.010     4.190     3.690      .970     -.030     1.630     2.400    -1.180
    -7.920   -13.450   -14.790   -12.040    -6.520      .260     6.050     8.260
     6.110     1.740    -1.280     -.480     3.700     7.560     6.670      .150
    -7.950   -12.960   -14.400   -14.270   -12.220    -6.280     1.560     5.530
     3.990     2.820     7.110    13.270    13.860     7.990     1.470    -2.450
    -6.270   -11.240   -13.270    -8.730     -.340     6.180     8.560     7.630
     3.270    -5.050   -14.430   -19.230   -16.430    -8.450     -.710     2.210
     -.940    -7.110   -10.570    -8.170    -2.950     -.850    -4.130   -10.250
   -16.420   -21.810   -25.090   -23.440   -16.190    -7.030     -.730      .740
    -2.000    -7.410   -12.910   -15.450   -14.070   -10.650    -6.990    -3.340
     -.450      .200      .130     3.510     9.710    10.320     -.970   -17.820
   -26.870   -22.860   -12.480    -3.690     1.820     4.770     4.490     2.290
     2.120     3.120    -3.110   -21.500   -43.340   -54.190   -50.440   -41.590
   -36.720   -35.650   -34.900   -34.710   -35.590   -33.040   -22.490    -8.230
    -1.990   -10.840   -28.840   -41.850   -39.510   -22.990    -3.050     8.760
     8.430     1.130    -5.160    -7.710   -10.340   -17.340   -27.640   -35.870
   -38.170   -35.580   -32.480   -33.270   -39.900   -49.810   -55.500   -49.550
   -33.470   -20.020   -22.460   -40.720   -61.140   -70.170   -65.050   -51.110
   -34.590   -21.900   -20.230   -31.000   -44.170   -46.320   -35.930   -25.100
   -23.920   -28.340   -26.840   -15.120     -.070     8.180     4.430    -8.890
   -22.840   -26.920   -17.790    -3.780     2.330    -4.590   -19.110   -33.210
   -43.310   -49.550   -52.940   -55.670   -60.500   -66.550   -67.690   -58.810
   -42.540   -26.320   -13.510    -1.320    11.980    22.180    23.920    17.360
     6.770    -5.390   -18.780   -30.280   -34.090   -28.770   -20.710   -18.000
   -22.820   -32.300   -44.410   -59.180   -75.020   -87.880   -94.730   -96.020
   -94.310   -92.540   -93.410   -97.740  -102.620  -103.620   -99.820   -95.110
   -93.870   -96.370   -98.570   -94.390   -78.660   -51.200   -19.270     7.230
    25.050    39.280    54.070    65.790    69.160    66.950    68.260    78.410
    94.950   112.650   126.940   132.770   126.570   112.000    98.720    92.210
    87.970    78.870    64.440    49.460    36.580    25.270    16.450    12.910
    14.120    14.630     9.010    -3.200   -17.930   -30.010   -36.030   -35.960
   -33.090   -31.140   -31.350   -33.330   -37.500   -44.390   -51.300   -52.160
   -41.460   -16.880    21.310    70.220   122.590   168.210   200.110   218.930
   230.530   240.390   251.420   264.330   277.320   286.490   289.340   288.280
   288.720   293.800   302.440   312.160   321.150   327.170   327.010   319.560
   308.370   298.930   292.450   283.580   265.370   236.610   204.120   177.380
   161.220   153.350   147.740   139.180   125.590   108.340    91.620    79.910
    74.350    72.460    72.080    74.060    79.630    86.770    92.130    96.040
   102.540   113.590   126.300   136.860   144.640   150.240   152.120   148.860
   143.910   143.810   150.480   157.870   158.520   151.830   144.120   141.390
   144.170   148.550   149.890   144.950   132.910   115.950    98.330    83.820
    73.940    67.960    63.350    56.340    44.310    29.000    15.620     7.350
     1.990    -4.540   -12.790   -20.020   -24.840   -28.950   -34.300   -40.950
   -47.690   -52.430   -52.140   -45.680   -37.490   -35.540   -43.970   -60.090
   -79.690  -101.980  -126.920  -150.870  -169.180  -181.940  -193.550  -206.990
  -221.610  -236.340  -251.440  -266.460  -279.570  -290.180  -299.850  -309.660
  -318.620  -325.760  -331.620  -336.630  -340.180  -342.420  -344.840  -347.840
  -350.080  -351.640  -355.370  -362.990  -371.480  -375.820  -373.460  -363.800
  -345.100  -315.670  -277.890  -237.940  -201.230  -170.400  -146.920  -131.180
  -120.490  -110.220   -98.790   -88.580   -80.470   -70.060   -52.940   -32.190
   -17.100   -12.860   -14.250   -11.730    -2.830     5.910     8.760     9.100
    14.040    23.290    29.200    28.520    27.410    31.020    34.380    29.990
    20.150    13.250     9.920     2.720    -9.890   -19.550   -21.870   -24.700
   -35.800   -49.930   -57.010   -57.880   -61.530   -69.680   -75.160   -75.860
   -79.310   -89.880  -100.440  -102.430   -97.830   -95.120   -97.520  -101.450
  -104.110  -106.690  -110.730  -115.600  -119.630  -121.360  -120.550  -119.700
  -122.660  -129.020  -132.720  -129.570  -124.010  -123.650  -128.620  -131.540
  -127.790  -120.440  -114.200  -109.740  -105.920  -103.130  -101.230   -97.320
   -88.760   -76.620   -63.650   -50.850   -38.170   -26.440   -15.820    -3.710
    12.660    31.750    48.570    60.000    67.400    73.940    81.420    89.900
    98.710   107.290   115.870   125.870   138.390   152.220   164.260   172.770
   179.320   187.220   198.000   209.550   217.760   220.200   218.230   215.320
   213.630   213.430   214.860   217.480   216.700   203.740   173.010   129.440
    85.560    51.470    29.280    16.320     9.450     4.940    -1.680   -12.070
   -22.600   -28.500   -29.880   -31.180   -35.430   -41.580   -47.480   -52.070
   -53.760   -49.690   -39.050   -25.630   -14.480    -6.810     -.180     6.830
    12.360    14.070    12.300     9.500     7.600     6.860     6.590     5.930
     4.340     2.140      .160    -1.660    -4.920   -11.040   -18.820   -24.780
   -26.230   -23.460   -18.650   -13.510    -8.640    -4.540    -1.860     -.470
      .760     2.570     4.570     6.230     8.050    10.910    14.780    19.160
    24.510    32.010    41.410    50.260    56.540    61.330    67.780    77.050
    86.570    92.960    95.870    97.890   100.890   103.870   104.780   103.410
   101.360    99.870    99.060    99.070   100.230   101.500   100.270    95.240
    88.820    85.100    85.710    88.660    91.250    92.690    93.690    94.700
    95.700    96.720    97.590    97.380    95.010    90.630    85.810    82.570
    82.130    84.270    87.330    89.250    89.500    89.680    91.540    94.570
    96.440    96.000    94.480    93.360    92.230    89.970    87.370    86.940
    89.810    94.230    98.060   101.240   104.320   105.370   100.600    89.010
    74.370    61.230    50.300    39.500    28.610    19.910    13.940     7.540
    -2.060   -13.140   -21.780   -26.810   -30.160   -33.150   -35.500   -38.180
   -43.930   -53.410   -62.860   -67.740   -67.640   -66.060   -66.280   -68.860
   -72.350   -74.450   -72.500   -64.810   -51.890   -35.880   -18.880    -2.580
    11.320    22.350    32.890    46.080    61.290    73.580    79.040    79.420
    79.690    82.230    85.420    87.420    88.650    90.020    90.620    88.460
    82.520    73.010    60.350    44.970    27.830     9.940    -8.750   -28.980
   -50.350   -70.480   -86.640   -98.330  -107.810  -117.930  -129.560  -141.290
  -151.540  -160.310  -168.420  -175.740  -180.990  -183.570  -184.540  -185.550
  -187.420  -190.130  -193.270  -195.830  -196.200  -193.270  -187.600  -180.520
  -172.160  -161.270  -147.220  -131.200  -114.910   -98.870   -82.860   -67.450
   -53.890   -42.540   -32.570   -23.350   -15.180    -8.190    -1.570     5.390
    11.950    16.360    17.140    13.820     7.350      .640    -2.690    -1.850
     -.440    -2.820    -9.130   -16.010   -21.640   -27.370   -33.580   -37.700
   -38.410   -39.390   -45.320   -55.430   -64.330   -68.870   -70.580   -71.150
   -69.330   -64.480   -59.910   -59.740   -63.770   -68.160   -70.560   -71.920
   -73.670   -75.710   -77.440   -78.470   -77.110   -70.190   -56.100   -37.430
   -19.260    -4.800     6.440    16.450    25.360    30.920    31.070    27.130
    23.610    24.270    28.790    34.280    39.660    46.860    57.100    67.910
    75.450    78.740    79.850    80.480    80.600    80.360    81.180    83.660
    86.000    86.080    84.280    82.880    82.810    82.760    81.310    78.640
    75.200    70.010    61.540    49.970    37.770    27.810    21.610    19.220
    19.970    22.820    26.510    29.950    32.410    33.310    32.290    29.660
    26.590    24.520    24.240    25.600    27.760    29.920    31.760    33.470
    35.180    36.680    37.770    38.680    39.520    39.680    38.340    35.480
    31.630    26.800    20.840    14.880    11.230    11.060    13.080    15.530
    18.290    21.840    25.130    26.380    25.660    24.630    23.430    19.960
    13.130     4.980    -1.660    -6.160    -9.240   -10.480    -9.040    -6.140
    -4.520    -5.280    -7.020    -8.790   -12.000   -18.180   -26.380   -34.120
   -40.210   -45.430   -50.750   -56.220   -61.580   -66.960   -72.760   -79.140
   -85.650   -91.160   -94.560   -96.160   -97.950  -101.550  -106.240  -109.970
  -112.260  -114.840  -118.900  -123.220  -125.700  -125.930  -124.580  -120.840
  -112.180   -97.260   -77.890   -57.570   -38.770   -22.240    -8.350     2.480
    10.540    16.930    22.360    26.560    29.550    32.960    38.740    46.540
    53.170    55.450    53.220    49.100    45.640    43.350    41.610    40.670
    41.780    45.410    49.910    52.750    52.870    51.290    49.190    46.200
    41.260    34.820    29.190    26.380    26.130    26.520    26.010    24.110
    20.580    14.870     6.860    -2.420   -11.280   -18.330   -22.770   -24.050
   -21.700   -15.700    -6.980     2.460    10.150    14.440    15.550    15.280
    15.400    16.300    17.000    16.350    14.130    11.590    11.060    14.490
    21.760    30.620    38.960    46.630    54.390    61.150    64.040    61.800
    57.140    54.350    55.070    57.510    59.550    61.040    62.670    64.030
    64.270    63.790    63.780    63.960    62.430    58.000    51.950    46.550
    42.690    39.760    36.980    33.750    29.000    21.790    13.020     5.400
      .820    -1.790    -5.130   -10.600   -17.300   -23.600   -28.660   -32.530
   -35.510   -37.840   -39.410   -39.790   -38.900   -37.940   -38.880   -42.630
   -48.100   -53.240   -56.700   -58.310   -58.570   -58.250   -58.070   -58.060
   -57.310   -54.860   -50.890   -46.400   -41.810   -36.600   -30.510   -24.410
   -19.620   -16.540   -14.180   -10.570    -3.670     7.120    19.590    29.510
    34.090    34.680    35.120    37.460    40.120    40.660    39.020    37.210
    36.630    37.010    37.610    38.140    38.270    37.380    35.590    33.820
    32.300    29.530    24.060    16.940    11.050     7.670     4.770     -.410
    -7.750   -13.870   -15.250   -11.210    -4.180     2.350     6.090     7.050
     6.660     6.020     5.030     3.530     2.720     4.680    10.180    17.660
    24.530    28.980    30.460    29.540    27.890    27.640    29.610    32.400
    34.040    34.420    34.970    36.150    36.570    35.130    32.860    31.740
    32.180    32.630    31.180    26.820    19.480    10.070      .610    -6.700
   -11.030   -13.120   -13.830   -13.360   -12.080   -11.260   -12.100   -14.330
   -16.440   -17.100   -16.050   -13.970   -12.090   -11.580   -12.830   -15.150
   -17.660   -20.030   -22.090   -23.150   -22.810   -21.960   -21.710   -21.180
   -17.820   -10.500    -1.400     6.280    11.440    14.740    15.900    13.370
     6.990     -.300    -4.660    -4.600    -1.760     1.090     2.160     1.360
      .000     -.090     1.960     5.090     7.180     7.140     5.870     4.880
     4.090     1.770    -3.040    -8.360   -10.130    -5.700     3.610    13.500
    19.740    20.350    15.510     6.680    -3.740   -13.060   -19.490   -22.820
   -23.740   -22.630   -19.640   -15.490   -11.530    -9.220    -9.620   -13.420
   -20.400   -28.900   -36.490   -41.500   -43.780   -44.070   -43.200   -42.090
   -41.690   -42.330   -43.360   -43.920   -43.650   -42.300   -39.140   -33.810
   -27.510   -22.350   -19.160   -16.700   -13.340    -8.970    -4.750    -1.570
      .450     1.150      .040    -2.720    -5.660    -6.790    -5.150    -1.560
     2.130     4.450     5.200     5.310     5.850     7.120     8.630     9.880
    11.070    13.060    16.590    21.510    26.500    29.720    30.180    28.520
    26.460    25.380    25.430    25.740    24.930    21.440    14.250     4.250
    -5.440   -11.610   -13.610   -13.550   -13.630   -14.060   -13.960   -13.500
   -13.850   -15.400   -17.000   -17.530   -17.320   -17.420   -17.910   -17.760
   -16.040   -12.790    -8.670    -4.330     -.350     2.870     5.330     7.160
     8.050     7.240     4.450      .620    -2.940    -6.010    -9.460   -13.760
   -17.820   -19.870   -19.490   -18.140   -17.830   -19.380   -22.400   -26.130
   -29.910   -32.790   -33.600   -31.900   -28.710   -25.950   -25.040   -26.170
   -28.550   -31.260   -33.820   -36.140   -37.980   -38.720   -37.920   -36.040
   -34.200   -32.960   -31.740   -29.830   -27.420   -24.890   -21.730   -17.210
   -12.160    -8.810    -8.280    -9.070    -8.900    -7.250    -5.350    -4.120
    -3.260    -2.090     -.430     1.690     4.170     6.710     8.940    11.180
    14.370    19.000    24.300    28.880    31.690    32.400    31.130    28.220
    23.990    18.710    13.150     8.880     7.440     8.600    10.040     9.010
     4.320    -3.590   -13.500   -23.820   -32.420   -37.180   -37.040   -32.190
   -23.920   -14.600    -7.140    -3.400    -2.610    -2.200     -.380     2.580
     5.540     8.130    10.820    14.120    18.250    23.020    27.570    30.610
    31.540    31.030    29.920    27.900    24.160    19.150    14.880    13.100
    13.800    15.820    18.300    21.100    23.900    25.810    25.950    24.400
    22.380    21.610    23.110    26.520    30.350    33.020    33.810    33.220
    32.540    32.920    34.380    35.650    35.230    32.660    28.620    24.000
    19.380    15.520    13.330    13.010    13.410    13.080    11.730    10.080
     8.620     7.200     5.930     5.520     6.220     6.920     6.020     2.950
    -1.270    -4.820    -6.050    -4.220      .170     5.720    10.950    14.880
    16.510    14.560     8.460     -.180    -8.280   -13.650   -16.310   -17.280
   -16.940   -15.330   -13.430   -12.780   -13.730   -15.040   -15.590   -15.740
   -16.580   -18.400   -20.330   -21.430   -21.390   -20.490   -19.420   -19.060
   -19.930   -21.770   -23.910   -26.110   -28.700   -31.810   -34.820   -36.770
   -37.020   -35.330   -31.770   -26.990   -22.120   -17.940   -14.270   -10.480
    -6.610    -3.410    -1.060     1.220     4.180     7.240     9.000     8.770
     7.300     5.900     5.270     5.320     5.700     6.120     6.340     6.140
     5.720     5.810     7.260    10.250    14.030    17.340    19.270    19.600
    18.550    16.430    13.630    10.690     8.210     6.580     5.850     5.740
     5.710     5.150     3.920     2.460     1.270      .020    -2.260    -6.050
   -10.610   -14.440   -16.580   -17.150   -17.050   -17.240   -18.100   -19.060
   -18.790   -16.160   -11.050    -4.230     3.310    10.700    17.040    21.560
    24.270    26.060    27.750    29.150    29.370    27.980    25.540    22.930
    20.480    17.900    14.980    12.100    10.060     9.410     9.940    10.780
    11.330    11.970    13.590    16.380    19.300    21.110    21.700    22.200
    23.740    26.360    29.120    31.060    31.830    31.580    30.520    28.630
    25.720    21.700    16.890    11.990     7.790     4.710     2.630     1.070
     -.470    -2.220    -4.120    -6.030    -8.070   -10.690   -14.160   -18.180
   -21.990   -25.050   -27.440   -29.370   -30.400   -29.700   -27.050   -23.420
   -20.210   -18.190   -17.270   -17.060   -17.020   -16.210   -13.530    -8.790
    -3.290     1.090     3.440     4.220     4.270     4.030     3.730     3.920
     5.310     8.040    11.420    14.450    16.540    17.780    18.670    19.600
    20.480    20.900    20.590    19.820    19.120    18.670    17.940    15.980
    12.070     6.470      .570    -3.940    -6.310    -7.390    -8.620   -10.600
   -12.920   -15.360   -18.470   -22.290   -25.000   -23.840   -17.970    -9.770
    -2.940      .730     2.310     3.800     5.970     8.460    11.050    14.170
    17.900    21.270    22.940    22.500    20.730    18.680    16.860    15.260
    13.520    10.850     6.480      .810    -4.280    -7.010    -7.630    -8.070
    -9.510   -10.870   -10.280    -7.460    -4.120    -2.080    -1.550    -1.300
     -.060     2.380     5.010     6.630     7.090     7.450     8.440     9.130
     7.830     4.310      .460    -2.020    -3.600    -6.060    -9.840   -13.310
   -14.650   -13.710   -11.500    -8.840    -6.030    -3.520    -1.940    -1.530
    -1.930    -2.870    -4.390    -6.300    -7.710    -7.670    -6.400    -5.240
    -5.420    -6.950    -8.890   -10.590   -12.080   -13.440   -14.150   -13.550
   -11.770    -9.740    -8.160    -6.780    -4.930    -2.600     -.590      .330
      .220     -.210     -.430     -.710    -1.850    -4.450    -8.310   -12.420
   -15.520   -16.600   -15.290   -12.010    -8.040    -5.020    -4.030    -4.800
    -5.990    -6.240    -5.050    -2.820     -.320     1.820     3.310     3.960
     3.700     2.720     1.580      .770      .200     -.630    -1.800    -2.560
    -2.160    -1.040     -.500    -1.410    -3.440    -5.820    -8.300   -10.980
   -13.590   -15.430   -16.040   -15.550   -14.360   -12.750   -11.070   -10.010
   -10.380   -12.520   -15.940   -19.350   -21.310   -21.020   -18.880   -16.310
   -14.770   -14.830   -15.910   -16.810   -16.520   -14.820   -12.100    -8.850
    -5.260    -1.620     1.340     2.760     2.430     1.030     -.540    -1.920
    -3.280    -4.740    -5.890    -5.940    -4.150     -.400     4.350     8.380
    10.150     9.230     6.210     1.890    -3.100    -8.130   -12.310   -14.950
   -16.320   -17.490   -19.330   -21.690   -23.650   -24.530   -24.290   -23.160
   -21.160   -18.430   -15.660   -13.780   -12.860   -11.860    -9.660    -6.110
    -1.960     2.190     6.430    10.970    15.500    19.250    21.550    22.160
    21.440    20.070    18.600    16.940    14.460    10.840     6.750     3.460
     1.840     1.850     2.870     4.310     5.520     5.450     3.140    -1.210
    -5.730    -7.880    -6.340    -2.060     2.560     5.520     6.530     6.700
     7.220     8.300     9.400    10.240    11.290    13.190    15.670    17.570
    18.000    17.330    16.630    16.420    16.260    15.530    14.230    12.780
    11.630    11.190    11.860    13.570    15.530    16.810    17.340    17.810
    18.680    19.600    20.060    20.200    20.530    20.960    20.700    19.120
    16.450    13.370    10.140     6.380     1.600    -4.230   -10.450   -15.910
   -19.220   -19.460   -16.880   -12.960    -9.400    -6.920    -5.080    -3.090
     -.580     2.360     5.370     7.940     9.440     9.660     9.220     9.280
    10.570    12.800    15.120    16.980    18.480    19.870    20.930    21.000
    19.730    17.650    15.860    14.940    14.380    13.210    11.180     8.970
     7.270     5.940     4.270     1.940     -.470    -1.960    -2.060    -1.220
     -.390     -.160     -.230      .230     1.610     3.540     5.250     6.240
     6.420     5.910     4.870     3.420     1.630     -.450    -2.570    -4.430
    -6.070    -7.880    -9.930   -11.570   -12.160   -12.080   -12.510   -14.130
   -16.360   -18.210   -19.450   -20.550   -21.760   -22.740   -23.190   -23.210
   -22.970   -22.270   -20.650   -17.950   -14.560   -11.120    -8.210    -5.980
    -4.240    -2.590     -.870      .650     1.560     1.740     1.600     1.750
     2.530     3.910     5.610     7.380     9.060    10.450    11.300    11.290
    10.100     7.500     3.740     -.110    -2.440    -2.210      .170     3.110
     5.250     6.500     7.650     9.150    10.490    10.880    10.220     9.180
     8.400     7.860     7.150     6.160     5.180     4.310     3.120     1.040
    -1.970    -5.200    -7.790    -9.240    -9.590    -9.310    -9.100    -9.610
   -11.110   -13.370   -15.810   -17.870   -19.110   -19.300   -18.680   -17.990
   -17.840   -18.030   -17.560   -15.700   -12.780    -9.760    -7.260    -5.130
    -3.120    -1.480     -.800    -1.330    -2.540    -3.530    -3.760    -3.320
    -2.660    -1.930     -.910      .560     2.160     3.490     4.570     5.730
     6.910     7.490     7.130     6.470     6.570     7.920    10.150    12.630
    15.090    17.360    19.040    19.560    18.570    16.140    12.770     9.230
     6.270     4.340     3.380     3.040     2.960     2.900     2.780     2.500
     1.860      .520    -1.730    -4.560    -7.260    -9.210   -10.350   -10.910
   -10.960   -10.390    -9.190    -7.650    -6.180    -5.210    -4.980    -5.360
    -5.850    -5.980    -5.750    -5.600    -5.820    -6.250    -6.430    -5.940
    -4.520    -2.110     1.120     4.770     8.290    11.150    13.030    13.930
    14.200    14.340    14.560    14.610    14.180    13.340    12.420    11.660
    10.830     9.530     7.690     5.800     4.560     4.160     3.980     3.150
     1.630      .270     -.170      .120      .350      .190      .030      .190
      .400      .300      .170      .690     2.040     3.510     4.240     4.020
     3.220     2.120      .540    -1.780    -4.570    -7.130    -9.000   -10.330
   -11.580   -12.980   -14.390   -15.580   -16.280   -16.080   -14.730   -12.700
   -11.110   -10.650   -10.950   -11.110   -10.730    -9.920    -8.670    -6.790
    -4.640    -3.280    -3.440    -4.700    -5.940    -6.480    -6.460    -6.360
    -6.470    -6.890    -7.550    -8.070    -7.890    -6.750    -4.940    -2.990
    -1.350     -.260      .200      .340      .860     2.430     5.100     8.390
    11.650    14.480    16.650    18.030    18.650    18.650    18.220    17.530
    17.030    17.320    18.600    20.270    21.270    21.000    19.750    18.240
    16.810    15.220    13.010    10.000     6.480     3.100      .490    -1.210
    -2.420    -3.690    -5.130    -6.330    -7.000    -7.330    -7.750    -8.280
    -8.400    -7.540    -5.490    -2.420     1.200     4.670     7.170     8.040
     7.180     5.240     3.230     1.990     1.890     2.830     4.570     6.830
     9.280    11.400    12.540    12.260    10.620     8.330     6.400     5.520
     5.620     6.120     6.650     7.480     9.030    11.140    13.100    14.370
    15.210    16.120    17.140    17.710    17.250    15.650    13.260    10.560
     8.100     6.300     5.290     4.870     4.740     4.680     4.450     3.740
     2.260      .040    -2.530    -5.070    -7.380    -9.420   -11.080   -12.230
   -12.910   -13.310   -13.550   -13.580   -13.440   -13.420   -13.930   -15.120
   -16.590   -17.600   -17.530   -16.360   -14.600   -12.960   -11.800   -11.060
   -10.530   -10.190   -10.200   -10.590   -11.030   -11.080   -10.460    -9.400
    -8.500    -8.490    -9.720   -11.790   -13.790   -14.990   -15.400   -15.440
   -15.390   -15.150   -14.660   -14.130   -13.840   -13.740   -13.520   -13.000
   -12.230   -11.290   -10.240    -9.140    -8.220    -7.690    -7.650    -8.100
    -8.960    -9.970   -10.640   -10.540    -9.610    -8.150    -6.420    -4.400
    -1.980      .720     3.200     4.840     5.360     5.020     4.450     4.280
     4.650     5.370     6.220     7.110     7.880     8.020     7.100     5.410
     3.950     3.500     3.870     4.360     4.630     4.900     5.220     5.040
     3.880     2.150      .840      .530      .850     1.080      .870      .260
     -.630    -1.790    -3.200    -4.780    -6.380    -7.900    -9.380   -10.940
   -12.610   -14.030   -14.590   -14.030   -12.700   -11.250   -10.050    -9.000
    -7.830    -6.370    -4.500    -2.150      .610     3.530     6.260     8.380
     9.370     8.900     7.210     5.060     3.120     1.530      .150     -.870
    -1.100     -.340      .940     1.880     1.710      .200    -2.320    -5.110
    -7.330    -8.460    -8.420    -7.420    -5.920    -4.620    -4.260    -5.050
    -6.420    -7.480    -7.760    -7.440    -6.870    -6.050    -4.740    -2.870
     -.760     1.170     2.580     3.300     3.190     2.290      .940     -.360
    -1.220    -1.490    -1.250     -.710     -.220     -.200     -.850    -1.880
    -2.700    -2.890    -2.530    -2.060    -1.840    -1.970    -2.490    -3.490
    -5.070    -7.010    -8.690    -9.510    -9.270    -8.240    -6.740    -4.950
    -3.040    -1.360     -.260      .220      .440      .720     1.050     1.180
     1.050      .830      .850     1.400     2.630     4.320     5.830     6.510
     6.240     5.490     4.760     4.060     3.080     1.700      .170    -1.130
    -1.990    -2.320    -2.120    -1.440     -.560      .020     -.130    -1.050
    -2.280    -3.170    -3.350    -2.840    -1.770     -.120     2.080     4.370
     5.970     6.400     5.940     5.360     5.180     5.370     5.490     5.240
     4.650     4.200     4.430     5.490     7.070     8.580     9.630    10.050
     9.690     8.540     6.970     5.670     5.120     5.250     5.740     6.500
     7.590     8.830     9.770    10.030     9.660     8.960     8.310     8.040
     8.470     9.740    11.660    13.760    15.500    16.450    16.390    15.480
    14.070    12.550    11.190    10.320    10.320    11.240    12.690    14.150
    15.390    16.440    17.330    17.890    18.000    17.760    17.430    17.270
    17.420    17.810    18.140    18.070    17.560    16.840    16.040    15.100
    13.950    12.630    11.170     9.430     7.380     5.300     3.510     2.060
      .810     -.110     -.300      .390     1.520     2.450     2.900     3.060
     3.130     2.940     2.120      .500    -1.620    -3.760    -5.590    -7.100
    -8.420    -9.720   -11.220   -13.030   -14.870   -16.190   -16.720   -16.700
   -16.540   -16.290   -15.830   -15.230   -14.670   -13.950   -12.670   -10.900
    -9.350    -8.580    -8.340    -7.920    -6.930    -5.430    -3.530    -1.250
     1.210     3.520     5.530     7.260     8.690     9.700    10.380    11.110
    12.190    13.590    15.080    16.390    17.040    16.410    14.320    11.350
     8.400     5.980     4.220     3.300     3.440     4.470     5.640     6.260
     6.170     5.640     4.870     3.860     2.600     1.080     -.760    -3.030
    -5.690    -8.490   -11.170   -13.510   -15.240   -16.100   -16.200   -16.200
   -16.720   -17.690   -18.450   -18.480   -17.970   -17.410   -16.910   -16.220
   -15.210   -14.130   -13.390   -13.200   -13.530   -14.110   -14.440   -14.020
   -12.810   -11.230    -9.780    -8.610    -7.680    -7.110    -7.040    -7.350
    -7.630    -7.680    -7.690    -7.920    -8.270    -8.470    -8.410    -8.230
    -8.080    -7.860    -7.520    -7.250    -7.280    -7.490    -7.410    -6.730
    -5.700    -4.910    -4.640    -4.570    -4.270    -3.560    -2.580    -1.450
     -.170     1.170     2.430     3.580     4.820     6.400     8.310    10.240
    11.770    12.570    12.750    12.650    12.520    12.160    11.200     9.680
     8.010     6.630     5.660     5.040     4.720     4.430     3.710     2.330
      .650     -.760    -1.700    -2.330    -2.690    -2.530    -1.800     -.870
     -.190      .160      .430      .840     1.420     2.240     3.420     5.000
     6.910     8.970    10.890    12.310    13.140    13.640    14.160    14.720
    15.030    14.960    14.700    14.420    14.020    13.370    12.560    11.750
    10.910     9.880     8.640     7.260     5.680     3.740     1.410    -1.050
    -3.450    -5.750    -7.970    -9.970   -11.590   -12.720   -13.250   -13.030
   -12.130   -10.940    -9.960    -9.300    -8.800    -8.250    -7.650    -6.960
    -6.110    -5.180    -4.310    -3.480    -2.380     -.810     1.030     2.640
     3.670     4.080     3.950     3.430     2.720     2.130     1.820     1.780
     1.850     1.890     1.720     1.160      .110    -1.210    -2.340    -2.830
    -2.440    -1.240      .530     2.490     4.200     5.250     5.530     5.240
     4.710     4.190     3.710     3.200     2.500     1.410     -.010    -1.290
    -1.800    -1.280     -.090     1.190     2.180     2.630     2.400     1.590
      .670      .090     -.170     -.490    -1.060    -1.720    -2.530    -3.990
    -6.520    -9.830   -13.100   -15.750   -17.890   -19.830   -21.590   -22.990
   -23.890   -24.260   -24.150   -23.570   -22.600   -21.370   -19.970   -18.510
   -17.160   -15.990   -14.900   -13.680   -12.330   -11.090   -10.160    -9.470
    -8.760    -7.900    -6.890    -5.780    -4.550    -3.320    -2.470    -2.320
    -2.830    -3.670    -4.490    -5.170    -5.630    -5.820    -5.840    -5.960
    -6.390    -7.050    -7.670    -8.060    -8.230    -8.260    -8.160    -7.890
    -7.370    -6.560    -5.490    -4.340    -3.350    -2.610    -2.040    -1.530
    -1.010     -.520     -.060      .390      .910     1.570     2.370     3.180
     3.870     4.440     5.050     5.690     6.100     6.040     5.570     5.030
     4.650     4.450     4.350     4.370     4.540     4.700     4.580     4.060
     3.290     2.580     2.170     2.080     2.160     2.240     2.230     2.160
     2.070     1.910     1.680     1.400     1.140      .970     1.030     1.520
     2.540     3.900     5.270     6.350     7.010     7.280     7.280     7.180
     7.270     7.760     8.610     9.630    10.680    11.640    12.320    12.510
    12.300    12.080    12.170    12.570    13.100    13.670    14.190    14.420
    14.170    13.560    12.920    12.340    11.600    10.700    10.040     9.950
    10.220    10.450    10.660    11.220    12.200    13.120    13.540    13.420
    13.000    12.390    11.590    10.700     9.820     8.900     7.920     7.100
     6.730     6.800     7.020     7.150     7.160     6.980     6.420     5.390
     4.090     2.900     2.090     1.710     1.660     1.710     1.570     1.110
      .390     -.360     -.980    -1.440    -1.800    -2.160    -2.540    -2.880
    -3.110    -3.270    -3.550    -3.920    -4.060    -3.610    -2.580    -1.370
     -.300      .510     1.030     1.090      .610     -.120     -.540     -.260
      .640     1.750     2.620     3.080     3.250     3.310     3.310     3.160
     2.950     2.900     3.170     3.590     4.000     4.380     4.830     5.260
     5.460     5.530     5.790     6.360     6.900     7.020     6.620     5.900
     5.090     4.460     4.330     4.860     5.810     6.610     6.870     6.560
     5.880     5.060     4.330     3.900     3.800     3.920     4.120     4.340
     4.580     4.820     5.070     5.430     5.880     6.340     6.690     6.770
     6.390     5.430     4.090     2.920     2.250     1.930     1.620     1.280
     1.190     1.430     1.680     1.560     1.030      .270     -.510    -1.150
    -1.510    -1.570    -1.530    -1.700    -2.210    -2.890    -3.500    -3.990
    -4.560    -5.350    -6.320    -7.350    -8.390    -9.470   -10.530   -11.310
   -11.650   -11.630   -11.510   -11.350   -11.120   -10.900   -10.940   -11.340
   -11.870   -12.170   -12.050   -11.450   -10.240    -8.280    -5.650    -2.690
      .190     2.720     4.730     6.210     7.300     8.200     8.910     9.220
     9.050     8.640     8.370     8.330     8.270     7.900     7.250     6.450
     5.540     4.340     2.750      .890     -.950    -2.630    -4.220    -5.900
    -7.640    -9.260   -10.600   -11.640   -12.420   -12.890   -12.940   -12.550
   -11.870   -11.080   -10.350    -9.780    -9.430    -9.280    -9.270    -9.280
    -9.240    -9.090    -8.780    -8.370    -8.000    -7.770    -7.700    -7.700
    -7.720    -7.760    -7.850    -7.990    -8.130    -8.260    -8.440    -8.780
    -9.310    -9.900   -10.300   -10.250    -9.720    -8.990    -8.450    -8.290
    -8.270    -8.040    -7.430    -6.590    -5.760    -5.070    -4.550    -4.210
    -3.960    -3.680    -3.330    -3.070    -3.030    -3.130    -3.150    -3.040
    -2.930    -2.880    -2.740    -2.380    -1.930    -1.620    -1.510    -1.390
    -1.140     -.860     -.700     -.670     -.610     -.490     -.410     -.470
     -.550     -.540     -.490     -.570     -.770     -.950    -1.160    -1.670
    -2.610    -3.650    -4.270    -4.340    -4.130    -3.910    -3.630    -3.300
    -3.130    -3.330    -3.760    -4.090    -4.130    -3.880    -3.380    -2.630
    -1.750     -.890     -.050      .860     1.800     2.610     3.230     3.750
     4.260     4.620     4.710     4.610     4.460     4.350     4.280     4.290
     4.370     4.290     3.680     2.500     1.080     -.210    -1.270    -2.200
    -3.050    -3.740    -4.270    -4.740    -5.200    -5.520    -5.470    -5.040
    -4.490    -4.010    -3.530    -2.880    -2.030    -1.160     -.390      .340
     1.100     1.780     2.210     2.350     2.260     1.950     1.440      .820
      .260     -.150     -.450     -.750    -1.140    -1.690    -2.350    -2.970
    -3.440    -3.830    -4.250    -4.590    -4.620    -4.330    -4.010    -3.970
    -4.170    -4.410    -4.580    -4.800    -5.260    -5.990    -6.790    -7.340
    -7.440    -7.220    -6.960    -6.760    -6.490    -6.030    -5.510    -5.080
    -4.660    -4.020    -3.160    -2.340    -1.760    -1.470    -1.440    -1.590
    -1.690    -1.470     -.880     -.200      .300      .570      .750      .960
     1.300     1.890     2.660     3.340     3.650     3.640     3.520     3.450
     3.480     3.700     4.150     4.620     4.890     5.030     5.410     6.180
     7.080     7.810     8.400     9.000     9.610    10.230    11.080    12.280
    13.460    14.020    13.780    13.200    12.740    12.350    11.750    10.920
    10.070     9.260     8.360     7.390     6.540     5.940     5.440     4.910
     4.390     4.020     3.790     3.550     3.260     3.060     3.060     3.190
     3.280     3.230     3.140     3.170     3.290     3.250     2.790     2.010
     1.320     1.080     1.240     1.520     1.780     2.220     3.050     4.140
     5.040     5.350     5.040     4.470     4.080     4.050     4.080     3.740
     2.900     1.850      .940      .210     -.410     -.830     -.740     -.030
      .940     1.670     2.000     2.130     2.260     2.400     2.420     2.320
     2.120     1.900     1.720     1.690     1.790     1.850     1.770     1.650
     1.760     2.260     3.040     3.870     4.680     5.540     6.260     6.460
     5.990     5.240     4.740     4.520     4.180     3.580     2.970     2.530
     2.100     1.640     1.490     1.850     2.330     2.480     2.410     2.400
     2.300     1.700      .700     -.250    -1.030    -1.740    -2.090    -1.760
    -1.220    -1.240    -1.390     -.380     1.500     1.860     -.440    -2.810
    -1.520     3.440     8.260    10.000     9.610     9.430     9.760     9.280
     7.780     6.540     6.280     6.330     5.850     4.930     3.960     2.890
     1.620      .400     -.580    -1.470    -2.450    -3.320    -3.890    -4.270
    -4.520    -4.360    -3.570    -2.390    -1.330     -.640     -.340     -.430
     -.860    -1.370    -1.670    -1.860    -2.170    -2.600    -2.890    -2.930
    -2.890    -2.930    -3.010    -3.070    -3.150    -3.290    -3.430    -3.560
    -3.790    -4.120    -4.320    -4.240    -3.980    -3.900    -4.190    -4.720
    -5.240    -5.610    -5.810    -5.790    -5.550    -5.240    -5.100    -5.250
    -5.580    -5.960    -6.350    -6.730    -6.920    -6.670    -5.990    -5.210
    -4.670    -4.430    -4.340    -4.310    -4.310    -4.230    -3.880    -3.300
    -2.700    -2.190    -1.640     -.970     -.400     -.230     -.490     -.890
    -1.220    -1.500    -1.770    -1.880    -1.690    -1.280     -.880     -.640
     -.500     -.260      .170      .720     1.130     1.220      .970      .560
      .120     -.310     -.710     -.930     -.900     -.670     -.440     -.250
      .000      .430     1.030     1.750     2.560     3.430     4.230     4.810
     5.110     5.260     5.420     5.700     6.130     6.620     7.030     7.250
     7.190     6.800     6.080     5.190     4.430     4.060     4.050     4.110
     3.980     3.650     3.300     3.080     3.050     3.170     3.390     3.640
     3.970     4.450     5.040     5.580     5.930     6.150     6.400     6.730
     7.040     7.230     7.290     7.180     6.860     6.430     6.060     5.800
     5.440     4.800     3.990     3.280     2.680     1.950      .940     -.240
    -1.330    -2.260    -3.020    -3.510    -3.620    -3.400    -3.080    -2.860
    -2.780    -2.740    -2.730    -2.690    -2.560    -2.350    -2.210    -2.360
    -2.820    -3.450    -4.060    -4.570    -5.050    -5.590    -6.250    -7.000
    -7.740    -8.300    -8.650    -8.890    -9.170    -9.540    -9.890   -10.130
   -10.190   -10.140   -10.130   -10.280   -10.680   -11.240   -11.740   -12.020
   -12.000   -11.630   -10.850    -9.620    -8.070    -6.540    -5.300    -4.350
    -3.490    -2.510    -1.400     -.240      .890     1.930     2.710     3.090
     3.110     3.020     3.030     3.070     2.870     2.240     1.310      .470
     -.070     -.380     -.700    -1.120    -1.500    -1.650    -1.500    -1.170
     -.860     -.700     -.650     -.560     -.340     -.170     -.340     -.920
    -1.540    -1.750    -1.510    -1.180    -1.020     -.900     -.530      .120
      .840     1.530     2.320     3.300     4.240     4.870     5.190     5.530
     6.120     6.860     7.460     7.810     8.030     8.290     8.510     8.470
     8.060     7.390     6.780     6.430     6.250     5.890     5.130     4.070
     3.080     2.380     1.790      .980     -.120    -1.290    -2.310    -3.200
    -4.000    -4.570    -4.710    -4.430    -4.060    -3.890    -3.920    -3.980
    -3.970    -3.920    -3.830    -3.570    -3.050    -2.370    -1.720    -1.250
     -.990     -.890     -.940    -1.110    -1.380    -1.770    -2.300    -3.000
    -3.810    -4.590    -5.160    -5.390    -5.300    -5.150    -5.220    -5.600
    -6.190    -6.860    -7.530    -8.040    -8.220    -8.090    -7.870    -7.670
    -7.340    -6.740    -6.020    -5.440    -5.010    -4.520    -3.960    -3.530
    -3.290    -3.030    -2.630    -2.310    -2.320    -2.540    -2.650    -2.570
    -2.460    -2.380    -2.210    -2.060    -2.270    -3.010    -4.040    -4.960
    -5.590    -5.910    -5.990    -5.900    -5.760    -5.590    -5.280    -4.800
    -4.320    -4.040    -3.830    -3.430    -2.850    -2.360    -2.070    -1.720
    -1.000      .030      .880     1.220     1.250     1.480     2.190     3.060
     3.570     3.580     3.540     3.950     4.820     5.780     6.580     7.280
     7.860     8.100     7.910     7.500     7.080     6.620     6.030     5.530
     5.430     5.680     5.960     6.060     6.130     6.310     6.560     6.720
     6.830     7.020     7.340     7.670     7.820     7.700     7.390     7.080
     7.020     7.290     7.740     8.160     8.400     8.440     8.440     8.610
     9.000     9.460     9.670     9.560     9.360     9.270     9.230     8.930
     8.210     7.230     6.300     5.620     5.100     4.380     3.300     2.130
     1.280      .780      .250     -.580    -1.490    -2.120    -2.530    -2.960
    -3.400    -3.590    -3.630    -3.940    -4.570    -4.990    -4.750    -4.110
    -3.690    -3.690    -3.900    -4.260    -4.920    -5.800    -6.490    -6.810
    -7.070    -7.590    -8.180    -8.410    -8.220    -7.970    -7.980    -8.140
    -8.170    -7.920    -7.440    -6.840    -6.140    -5.340    -4.560    -4.140
    -4.340    -5.050    -5.780    -6.070    -6.030    -6.070    -6.300    -6.410
    -6.190    -5.920    -5.990    -6.340    -6.380    -5.700    -4.480    -3.280
    -2.480    -1.980    -1.430     -.560      .490     1.360     1.760     1.750
     1.660     1.710     1.820     1.870     1.910     2.070     2.360     2.580
     2.670     2.800     3.030     3.180     2.960     2.400     1.770     1.320
     1.030      .770      .490      .230     -.030     -.410    -1.030    -1.880
    -2.720    -3.160    -3.000    -2.410    -1.810    -1.470    -1.280     -.950
     -.420      .130      .580     1.080     1.790     2.700     3.600     4.420
     5.210     6.000     6.650     6.990     7.080     7.220     7.550     7.850
     7.790     7.410     7.030     6.840     6.610     6.070     5.400     5.040
     5.170     5.480     5.640     5.660     5.690     5.750     5.790     5.860
     6.110     6.520     6.890     7.150     7.400     7.700     7.950     8.000
     7.730     7.140     6.380     5.720     5.360     5.190     4.920     4.440
     3.880     3.390     2.880     2.300     1.800     1.530     1.320      .830
      .010     -.800    -1.340    -1.710    -2.070    -2.460    -2.800    -3.200
    -3.840    -4.710    -5.520    -6.070    -6.400    -6.660    -6.820    -6.750
    -6.510    -6.360    -6.440    -6.500    -6.210    -5.530    -4.730    -4.020
    -3.350    -2.620    -1.920    -1.430    -1.210    -1.160    -1.220    -1.380
    -1.540    -1.580    -1.430    -1.190    -1.010     -.990    -1.120    -1.310
    -1.430    -1.390    -1.230    -1.190    -1.410    -1.810    -2.190    -2.370
    -2.360    -2.280    -2.270    -2.420    -2.670    -2.850    -2.850    -2.630
    -2.180    -1.480     -.670     -.110     -.070     -.340     -.390     -.020
      .420      .430     -.110     -.860    -1.510    -2.100    -2.770    -3.610
    -4.550    -5.530    -6.420    -7.150    -7.700    -8.130    -8.360    -8.160
    -7.510    -6.770    -6.300    -6.010    -5.380    -4.140    -2.560    -1.050
      .290     1.620     2.890     3.900     4.600     5.290     6.170     7.070
     7.650     7.900     8.140     8.600     9.170     9.460     9.200     8.480
     7.680     7.200     7.070     6.940     6.440     5.580     4.600     3.690
     2.890     2.300     2.070     2.230     2.560     2.800     2.790     2.560
     2.260     2.100     2.280     2.790     3.400     3.890     4.200     4.380
     4.500     4.630     4.830     5.110     5.370     5.630     5.970     6.340
     6.410     6.050     5.590     5.360     5.170     4.500     3.380     2.460
     2.190     2.120     1.540      .420     -.610    -1.110    -1.270    -1.450
    -1.710    -1.880    -1.920    -1.950    -2.180    -2.710    -3.540    -4.560
    -5.530    -6.190    -6.400    -6.220    -5.940    -5.930    -6.300    -6.790
    -6.990    -6.820    -6.500    -6.290    -6.320    -6.610    -7.010    -7.090
    -6.580    -5.730    -5.200    -5.290    -5.600    -5.670    -5.530    -5.500
    -5.460    -5.090    -4.390    -3.870    -3.770    -3.740    -3.260    -2.200
     -.810      .640     1.940     2.850     3.320     3.620     4.000     4.390
     4.590     4.760     5.330     6.250     6.900     6.670     5.780     5.060
     5.020     5.470     5.870     5.960     5.840     5.670     5.380     4.870
     4.180     3.510     2.960     2.450     1.780      .780     -.440    -1.510
    -1.910    -1.380     -.200      .970     1.640     1.790     1.660     1.430
     1.270     1.380     1.850     2.370     2.480     2.230     2.160     2.600
     3.150     3.090     2.190      .930     -.150     -.840    -1.220    -1.470
    -1.760    -2.120    -2.320    -2.090    -1.580    -1.260    -1.390    -1.590
    -1.340     -.710     -.280     -.400     -.780    -1.000    -1.080    -1.420
    -2.220    -3.200    -3.970    -4.460    -4.790    -4.970    -4.960    -5.060
    -5.730    -6.970    -7.990    -7.880    -6.720    -5.590    -5.490    -6.290
    -7.030    -7.000    -6.420    -5.920    -5.800    -5.840    -5.680    -5.180
    -4.380    -3.360    -2.260    -1.340     -.890     -.960    -1.300    -1.580
    -1.640    -1.540    -1.320    -1.050     -.870     -.950    -1.230    -1.330
     -.850      .160     1.220     1.910     2.230     2.430     2.630     2.510
     1.800      .660     -.340     -.810     -.980    -1.370    -2.160    -2.980
    -3.500    -3.800    -4.190    -4.820    -5.510    -5.980    -6.040    -5.720
    -5.250    -4.890    -4.640    -4.200    -3.410    -2.460    -1.720    -1.200
     -.530      .550     1.890     3.080     3.780     3.930     3.860     4.140
     5.180     6.610     7.570     7.580     6.980     6.420     6.130     5.930
     5.880     6.130     6.480     6.440     6.020     5.860     6.320     6.830
     6.620     5.910     5.610     6.140     6.950     7.490     7.950     8.570
     8.880     8.210     6.910     6.150     6.500     7.230     7.420     7.120
     7.090     7.510     7.820     7.560     6.900     6.220     5.530     4.640
     3.550     2.460     1.520      .940      .920     1.440     1.970     1.990
     1.430      .620     -.320    -1.490    -2.560    -2.720    -1.560      .200
     1.240      .970      .070     -.360      .040      .760     1.170     1.100
      .790      .470      .230      .120      .120      .010     -.490    -1.480
    -2.780    -4.100    -5.300    -6.320    -7.050    -7.530    -8.080    -9.020
   -10.230   -11.140   -11.370   -11.150   -10.930   -10.840   -10.660   -10.390
   -10.370   -10.820   -11.340   -11.300   -10.560    -9.630    -9.050    -8.830
    -8.660    -8.360    -7.950    -7.520    -7.060    -6.540    -5.940    -5.270
    -4.510    -3.650    -2.610    -1.380     -.150      .710     1.030     1.160
     1.640     2.520     3.290     3.520     3.330     3.100     2.870     2.480
     1.890     1.310      .880      .450     -.130     -.790    -1.360    -1.790
    -2.130    -2.460    -2.930    -3.690    -4.720    -5.710    -6.280    -6.300
    -6.090    -6.010    -6.260    -6.700    -7.060    -7.170    -7.020    -6.660
    -6.040    -5.070    -3.880    -2.830    -2.180    -1.860    -1.550     -.990
     -.070     1.140     2.400     3.420     4.130     4.740     5.390     5.920
     6.160     6.270     6.590     6.930     6.650     5.550     4.380     4.220
     5.250     6.650     7.440     7.390     6.820     6.070     5.220     4.320
     3.540     3.020     2.720     2.480     2.150     1.820     1.810     2.380
     3.350     4.050     3.860     2.750     1.290      .210     -.020      .590
     1.530     2.060     1.910     1.620     1.910     2.610     2.680     1.520
     -.180    -1.270    -1.550    -1.820    -2.560    -3.270    -3.180    -2.220
     -.850      .470     1.350     1.400      .600     -.400     -.850     -.810
     -.920    -1.320    -1.380     -.660      .300      .570     -.040    -1.060
    -2.110    -3.180    -4.140    -4.670    -4.690    -4.390    -3.830    -2.860
    -1.620     -.730     -.540     -.760    -1.000    -1.330    -1.860    -2.140
    -1.430      .240     2.070     3.380     4.180     4.620     4.560     3.850
     2.870     2.110     1.730     1.570     1.640     2.020     2.610     3.120
     3.410     3.390     2.830     1.560     -.090    -1.450    -2.300    -3.090
    -4.160    -5.250    -5.840    -6.020    -6.420    -7.410    -8.780   -10.150
   -11.470   -12.790   -13.900   -14.430   -14.390   -14.190   -14.210   -14.370
   -14.410   -14.390   -14.600   -15.000   -14.920   -13.840   -12.010   -10.210
    -8.810    -7.500    -6.040    -4.640    -3.560    -2.540    -1.210      .240
     1.370     2.250     3.390     4.840     5.850     5.940     5.650     5.920
     6.940     8.090     8.870     9.210     9.180     8.770     8.270     8.250
     8.970    10.000    10.740    11.000    10.940    10.640    10.080     9.430
     8.870     8.440     8.120     8.050     8.360     8.790     9.020     9.080
     9.420    10.140    10.850    11.190    11.290    11.440    11.580    11.470
    11.250    11.320    11.860    12.490    12.790    12.630    12.250    11.920
    11.820    11.960    12.150    12.170    11.940    11.560    11.060    10.290
     9.230     8.180     7.570     7.410     7.260     6.760     5.990     5.180
     4.190     2.690      .830     -.550     -.760      .000      .880     1.330
     1.400     1.210      .490     -.870    -2.380    -3.280    -3.390    -3.150
    -2.920    -2.620    -2.100    -1.560    -1.360    -1.560    -2.020    -2.630
    -3.270    -3.640    -3.470    -2.850    -2.160    -1.660    -1.180     -.510
      .290     1.020     1.510     1.780     1.890     2.070     2.620     3.580
     4.520     4.890     4.740     4.760     5.510     6.680     7.460     7.520
     7.220     6.970     6.630     5.900     4.970     4.340     4.080     3.660
     2.760     1.740     1.070      .740      .310     -.280     -.760    -1.050
    -1.460    -2.090    -2.550    -2.510    -2.310    -2.640    -3.700    -4.990
    -5.940    -6.460    -6.850    -7.340    -7.810    -7.910    -7.430    -6.540
    -5.670    -5.150    -4.920    -4.800    -4.830    -5.080    -5.280    -5.000
    -4.310    -3.860    -4.220    -5.270    -6.410    -7.200    -7.640    -7.960
    -8.420    -9.080    -9.680    -9.850    -9.600    -9.470   -10.000   -10.920
   -11.450   -11.190   -10.550   -10.090    -9.850    -9.480    -8.830    -8.100
    -7.490    -6.950    -6.310    -5.540    -4.780    -4.160    -3.650    -3.150
    -2.530    -1.810    -1.140     -.730     -.690     -.920    -1.230    -1.440
    -1.560    -1.710    -1.950    -2.140    -2.160    -2.150    -2.370    -2.860
    -3.320    -3.610    -3.980    -4.810    -6.010    -7.050    -7.590    -7.810
    -8.070    -8.390    -8.490    -8.200    -7.610    -6.950    -6.310    -5.660
    -4.990    -4.310    -3.570    -2.750    -1.920    -1.320    -1.140    -1.220
    -1.160     -.630      .230     1.050     1.630     2.120     2.690     3.240
     3.560     3.660     3.770     4.010     4.280     4.380     4.270     4.050
     3.850     3.820     4.080     4.450     4.540     4.160     3.660     3.620
     4.160     4.870     5.270     5.340     5.310     5.260     5.190     5.270
     5.720     6.470     7.130     7.380     7.320     7.130     6.870     6.460
     5.930     5.400     4.980     4.720     4.700     5.020     5.550     6.010
     6.220     6.210     6.140     6.000     5.660     5.040     4.280     3.620
     3.210     2.910     2.440     1.630      .540     -.540    -1.370    -1.980
    -2.540    -3.130    -3.580    -3.730    -3.670    -3.610    -3.550    -3.240
    -2.680    -2.330    -2.600    -3.330    -3.960    -4.270    -4.490    -4.740
    -4.640    -3.930    -2.950    -2.320    -2.180    -2.220    -2.270    -2.550
    -3.040    -3.290    -2.870    -2.020    -1.310     -.930     -.560      .020
      .590      .740      .470      .170      .360     1.190     2.360     3.330
     3.760     3.810     3.910     4.190     4.370     4.210     4.060     4.570
     5.920     7.500     8.470     8.550     8.080     7.500     6.950     6.440
     6.030     5.760     5.560     5.380     5.270     5.270     5.250     4.950
     4.380     3.830     3.530     3.390     3.140     2.720     2.280     1.950
     1.680     1.300      .770      .290      .100      .210      .320      .160
     -.270     -.770    -1.230    -1.700    -2.120    -2.210    -1.820    -1.230
     -.920    -1.110    -1.640    -2.210    -2.560    -2.500    -1.980    -1.190
     -.400      .430     1.570     3.000     4.170     4.650     4.550     4.290
     4.050     3.730     3.420     3.390     3.660     4.020     4.410     4.990
     5.720     6.100     5.730     4.860     3.980     3.280     2.720     2.430
     2.560     2.880     2.880     2.460     2.000     1.790     1.600     1.160
      .570      .070     -.410     -.940    -1.370    -1.540    -1.710    -2.280
    -3.190    -3.900    -4.120    -4.060    -4.010    -3.970    -3.910    -4.030
    -4.470    -5.000    -5.370    -5.620    -5.880    -6.000    -5.790    -5.390
    -5.140    -5.130    -5.120    -5.050    -5.200    -5.660    -6.080    -6.080
    -5.700    -5.310    -5.020    -4.710    -4.400    -4.390    -4.840    -5.490
    -5.980    -6.210    -6.370    -6.620    -6.960    -7.270    -7.450    -7.390
    -7.070    -6.650    -6.360    -6.240    -6.090    -5.720    -5.230    -4.830
    -4.560    -4.220    -3.660    -3.000    -2.480    -2.180    -2.110    -2.200
    -2.390    -2.530    -2.580    -2.620    -2.700    -2.710    -2.480    -2.090
    -1.770    -1.700    -1.910    -2.290    -2.630    -2.730    -2.610    -2.600
    -2.960    -3.500    -3.710    -3.470    -3.220    -3.380    -3.830    -4.090
    -3.980    -3.750    -3.690    -3.750    -3.670    -3.250    -2.530    -1.790
    -1.290    -1.040     -.840     -.610     -.510     -.660     -.960    -1.170
    -1.270    -1.310    -1.220     -.880     -.480     -.290     -.290     -.130
      .360      .920     1.330     1.690     2.070     2.200     1.820     1.220
      .990     1.250     1.350      .720     -.330     -.860     -.400      .450
      .670      .050     -.630     -.640     -.270     -.430    -1.220    -1.680
    -1.030      .250     1.020      .970      .770      .940     1.290     1.490
     1.750     2.280     2.830     3.060     3.170     3.610     4.240     4.530
     4.400     4.440     5.060     5.870     6.280     6.200     6.010     5.900
     5.720     5.350     5.000     4.890     4.990     5.000     4.750     4.420
     4.360     4.660     4.880     4.370     3.050     1.620      .830      .600
      .210     -.700    -1.660    -2.140    -2.290    -2.720    -3.600    -4.410
    -4.690    -4.560    -4.540    -4.840    -5.200    -5.340    -5.280    -5.310
    -5.630    -6.110    -6.360    -6.020    -5.070    -3.990    -3.470    -3.760
    -4.410    -4.660    -4.220    -3.490    -3.040    -2.940    -2.810    -2.370
    -1.820    -1.510    -1.530    -1.640    -1.680    -1.740    -1.930    -2.160
    -2.160    -1.810    -1.290     -.880     -.720     -.640     -.360      .230
      .890     1.280     1.310     1.210     1.260     1.420     1.540     1.720
     2.220     3.070     3.810     3.990     3.650     3.300     3.270     3.470
     3.680     3.860     4.130     4.520     4.880     5.060     5.040     4.900
     4.850     5.050     5.410     5.650     5.570     5.310     5.100     4.940
     4.650     4.370     4.420     4.850     5.220     5.170     4.900     4.860
     5.090     5.210     5.080     5.050     5.420     5.910     5.960     5.420
     4.730     4.390     4.440     4.510     4.340     3.970     3.680     3.650
     3.840     4.030     3.980     3.670     3.270     2.980     2.820     2.720
     2.620     2.530     2.390     2.130     1.790     1.560     1.550     1.580
     1.430     1.190     1.210     1.590     1.960     1.910     1.560     1.360
     1.490     1.710     1.840     2.050     2.510     2.940     2.960     2.540
     2.090     1.920     2.000     2.170     2.340     2.430     2.310     1.930
     1.460     1.170     1.040      .840      .450     -.020     -.470     -.860
    -1.270    -1.680    -2.090    -2.510    -2.910    -3.150    -3.140    -2.990
    -2.940    -3.150    -3.520    -3.890    -4.120    -4.140    -3.870    -3.340
    -2.670    -2.060    -1.520     -.950     -.220      .580     1.270     1.710
     1.940     2.040     2.090     2.130     2.160     2.090     1.850     1.430
     1.000      .710      .530      .340     -.010     -.500    -1.020    -1.380
    -1.480    -1.430    -1.480    -1.790    -2.220    -2.460    -2.440    -2.410
    -2.710    -3.310    -3.830    -3.900    -3.550    -3.150    -3.010    -3.040
    -2.920    -2.560    -2.260    -2.300    -2.550    -2.650    -2.450    -2.150
    -1.920    -1.670    -1.240     -.750     -.400     -.170      .190      .790
     1.440     2.000     2.490     3.040     3.650     4.240     4.750     5.140
     5.340     5.340     5.290     5.320     5.390     5.420     5.390     5.410
     5.490     5.500     5.250     4.700     3.990     3.340     2.850     2.510
     2.150     1.620      .850     -.020     -.800    -1.400    -1.860    -2.310
    -2.850    -3.400    -3.700    -3.660    -3.520    -3.700    -4.290    -4.900
    -5.080    -4.900    -4.810    -5.110    -5.570    -5.910    -6.190    -6.610
    -6.970    -6.860    -6.350    -6.120    -6.600    -7.350    -7.630    -7.370
    -7.150    -7.340    -7.650    -7.710    -7.560    -7.420    -7.130    -6.430
    -5.480    -4.770    -4.420    -4.130    -3.610    -2.980    -2.440    -1.960
    -1.370     -.690     -.040      .560     1.230     1.990     2.690     3.190
     3.380     3.340     3.220     3.240     3.400     3.500