    -2.180     1.264     3.060     2.363     3.453      .578     1.536     2.475
     3.923     5.154     2.175     2.269     -.413     -.236     1.354     1.169
     2.328     4.732     5.094     2.397    -2.711    -2.844     2.306      .051
      .454     4.296     5.634     2.044    -3.273    -4.880    -4.674    -2.756
     -.083      .833      .572     2.848     5.207      .877    -6.021    -4.959
    -4.448    -4.476    -1.511    -1.737     -.571     1.089    -3.567    -9.390
    -5.294    -3.938    -1.559     -.977     1.844      .196    -1.955    -4.787
   -10.132    -3.441    -5.034    -7.008    -8.287    -4.500     -.520     3.996
     2.802     -.106    -1.139    -1.167    -4.272    -4.595    -6.068    -5.931
     -.809      .479     5.678     4.843     2.630     2.441    -2.405    -6.203
    -5.871   -10.974   -12.889    -8.734    -4.262     2.641     7.398     5.816
    -3.977    -3.978     -.944      .308     2.572    10.002     7.625     2.750
     6.880     7.097     2.350      .368     1.415     2.693     6.114     5.484
     9.843     6.977     3.733     3.792     4.232     7.311    -5.566   -12.324
    -6.068    -3.014    -1.729     1.816    15.080    20.943    25.003    24.691
     8.963     2.295     4.618     6.664    17.035    32.770    32.348    10.615
      .673     8.433     1.372     1.998    25.203    40.763    46.119    39.341
    36.376    30.932    11.056     8.260    27.699    37.432    49.514    54.243
    43.389    10.306   -26.520   -39.305   -54.028   -57.923   -57.400   -52.893
   -39.560   -50.845   -65.777   -59.238   -67.144   -61.718   -50.617   -47.688
   -32.158    -1.638    19.810    -3.497   -36.483   -48.064   -26.545   -14.566
   -14.356   -33.999   -44.618   -30.063   -14.219     1.816     9.303    26.359
    16.888   -16.485   -28.566   -33.783   -45.169   -56.227   -51.163   -47.948
   -38.920   -27.812   -30.378   -24.724    -8.194    10.664    24.415    44.278
    60.108    72.062    84.970    79.084    48.066    34.644    29.695    35.740
    53.218    75.342    73.969    51.367    22.494    -8.707   -14.392   -15.672
    -5.698   -15.916   -38.589   -62.866   -64.505   -58.400   -68.841   -78.797
   -65.100   -47.769   -53.961   -53.524   -43.653   -13.846      .675    14.598
    48.502    74.093   101.657   139.301   168.618   191.561   201.369   197.481
   185.128   160.968   147.503   112.854    82.202    55.367    41.764    44.457
    43.470    37.143    18.730    21.616    17.024    13.003    -4.585   -10.555
   -16.015   -27.945   -41.460   -71.991  -132.365  -234.792  -316.747  -347.816
  -333.095  -317.658  -272.840  -226.567  -186.359  -118.723   -85.965   -81.956
   -94.210  -101.362   -73.434   -44.623   -39.611   -34.054     8.847    72.713
   126.722   147.234   140.385   133.846   129.921   115.701   123.635   120.288
   117.511   111.116    78.379    75.413    49.941    43.238    54.314    69.120
    82.771    64.656    25.090   -16.835   -44.804   -14.501    59.487   104.321
   121.693   114.258    91.180    91.258    80.204    59.809    80.169   122.590
   164.750   166.636   111.780    60.943    29.937   -10.125   -40.751   -78.553
  -123.763  -147.401  -160.933  -170.123  -169.643  -176.122  -186.664  -192.715
  -209.010  -193.593  -162.544  -127.006  -111.428   -95.923   -68.690   -51.967
   -11.566    31.351    65.086    60.813    27.358     7.415   -10.614    -8.806
    12.815    35.712    44.590    59.137    87.415    89.173    93.933   101.209
   105.943   112.267   111.342    64.713     9.471   -19.590   -40.102   -40.098
   -22.346    -9.000    11.736    43.354    80.324    99.552    82.683    63.165
    41.572    12.299   -22.278   -36.927   -29.309   -14.137     6.919    28.092
    69.040   122.293   166.532   136.552    11.487  -117.549  -182.428  -184.416
  -189.277  -200.427  -150.645   -83.532   -57.184   -62.335  -114.321  -171.307
  -206.858  -171.101   -77.968   -12.611   -21.010   -49.509    -6.780    51.244
    49.291    27.432    29.897    37.023    49.832    58.569    42.034    24.114
    36.675    58.418    49.258    51.098    71.875    83.039    93.503    89.376
    92.201    91.729    95.020   105.976   109.340   100.333    92.113    87.796
    78.097    72.207    57.844    44.023    41.857    55.513    66.358    60.597
    46.541    16.962    -6.953   -29.407   -41.379   -40.268   -40.092   -47.621
   -70.939   -80.563   -62.532   -32.497   -23.395   -34.670   -43.257   -50.592
   -72.886   -96.318   -99.490   -80.210   -57.216   -56.587   -52.939   -33.124
    -4.297     6.079   -17.772   -48.463   -53.310   -43.125   -32.569   -17.203
    -8.404     3.091    29.539    59.574    68.630    78.858   100.206   114.953
   111.806    96.720    76.780    43.814     7.533   -14.666   -16.702   -11.906
   -15.091   -38.470   -71.191   -95.518  -113.286  -119.184  -115.859   -95.421
   -73.245   -50.417   -25.442    -9.965     3.334     3.279    -9.002   -19.747
   -24.754   -21.360    -1.362    13.313    10.944    -6.306   -25.929   -40.075
   -56.945   -60.207   -51.510   -31.296      .089    31.005    50.332    45.978
    23.500    -1.170   -20.867   -24.645    -9.201    10.838    29.409    39.220
    46.627    36.238     7.304    -8.405    -2.676    23.279    51.967    69.359
    80.776    90.383    96.287    92.204    87.121    77.958    62.443    43.617
    28.077    30.087    43.611    54.890    61.685    59.618    54.530    42.465
    11.503   -23.845   -51.841   -66.548   -74.778   -66.798   -52.206   -46.635
   -41.319   -38.626   -31.454    -8.482    17.092    30.697    24.634     6.758
    -5.797   -16.085   -19.146   -12.177    -3.252     3.203     7.100     6.110
    -1.695   -14.488   -35.105   -62.859   -81.314   -70.630   -44.657   -16.645
      .978    -7.589   -26.521   -28.604    -9.914      .678    -1.427     -.348
     5.652    14.510    22.125    24.714    25.525    30.598    29.268    23.264
    20.021    22.325    26.344    26.688    14.813    -3.390   -16.389   -25.393
   -32.368   -29.622    -5.200    17.529    33.038    47.286    52.418    38.568
    17.390     1.239   -10.680   -25.680   -43.569   -51.683   -51.613   -53.733
   -49.217   -31.231    -7.112     6.595     2.771    -4.873    -6.855     1.447
     5.000    -2.130    -8.173   -21.006   -35.593   -45.259   -46.796   -30.545
   -10.701     3.549     7.403     5.289     1.666     3.543     4.851    -6.008
   -10.550    -7.910    -9.308   -17.926   -26.793   -30.360   -20.669    -6.479
     -.311    -8.531   -12.602    -4.038    -4.872   -15.408   -24.666   -13.568
     7.521    19.690    29.218    39.675    48.529    51.470    55.577    53.388
    35.137    12.538     2.726    10.307    29.532    57.462    76.610    80.281
    65.856    42.266    32.329    28.935    23.550    19.878    16.167    15.475
    19.852    28.804    33.910    33.473    30.082    21.425     -.173   -19.186
   -36.817   -56.977   -64.073   -55.336   -28.972    -5.287     3.912     4.599
     3.931     6.914    10.314     4.106    -5.349    -6.399    -3.175    -1.879
    -5.351    -9.198    -5.738    -2.178    -2.769    -1.924    -3.910    -7.003
    -8.910    -8.894    -8.004   -10.689   -13.320    -9.872   -19.140   -41.846
   -62.054   -79.048   -92.106   -87.048   -62.874   -32.464   -10.652     2.633
    15.108    19.170    20.019    28.270    37.709    48.640    64.959    73.957
    63.788    36.849     8.861   -12.283   -33.705   -53.703   -64.837   -63.428
   -49.294   -26.506    -8.948     2.894     8.285     2.788    -5.608   -13.219
    -8.561     4.781    23.630    29.823     8.680   -12.046   -12.559    -4.263
     4.766    13.711    19.044    17.249     7.119    -3.740   -14.430   -26.066
   -28.553   -22.693   -13.306    -4.652     7.076    11.475     9.435    17.373
    24.307    25.305    20.952    15.378    10.588     4.006     3.083     9.361
    12.797     9.308    -2.301   -16.031   -25.889   -27.238   -16.222    -2.853
    10.458    16.709    16.762    15.804    17.727    17.457    15.022    15.971
    18.358    17.512     8.931    -2.431    -9.770   -13.694   -19.780   -20.819
   -15.204    -9.126    -4.778      .027     2.333    -2.003    -8.696   -12.601
   -12.587     -.639    14.049    24.647    33.569    36.071    35.037    31.544
    26.555    23.339    20.783    18.473    19.524    21.164    20.344    13.952
     6.283     1.126    -6.925   -12.578    -7.020     8.202    19.529    23.022
    21.824    11.702     -.684    -6.592    -6.474    -9.333   -15.818   -14.491
    -8.709    -2.309     1.988     2.299    -1.484    -6.196    -7.520    -7.172
   -10.942   -17.002   -21.062   -23.515   -27.835   -37.349   -47.803   -54.234
   -52.881   -47.649   -39.191   -23.881    -3.853     9.719    14.062    12.988
     9.370     8.066    10.308    10.382     5.349     4.054      .755    -4.231
   -11.648   -19.369   -23.191   -20.818   -15.547    -7.324     5.145    16.236
    23.270    25.391    23.111    20.214    19.877    17.045     9.036    -2.633
    -8.586    -8.390    -5.810    -4.897    -7.801   -12.149   -15.437   -17.225
   -19.406   -18.786   -18.101   -17.886   -11.457    -1.162    10.477    18.921
    22.619    20.356    12.623     6.691      .868    -4.920   -11.306   -18.296
   -21.843   -23.650   -21.058   -17.479   -14.368    -9.217    -2.034     9.161
    23.907    37.061    41.481    41.420    39.846    33.736    24.590    13.420
     2.187    -8.975   -13.906   -15.407   -11.541    -7.338    -6.015    -3.475
      .418     3.857     5.737    10.687    14.338    17.560    19.363    18.232
    13.679    10.627     7.691     8.397    13.342    15.219    13.104    10.762
    10.013     6.793     4.736     4.382     5.934     8.786    11.991    15.149
    18.638    20.350    18.878    18.014    17.485    16.326    14.275    12.371
     6.094      .530    -2.092    -6.400   -11.670   -14.186   -13.132    -8.914
    -3.775      .648     4.076     5.363     2.200    -5.244   -14.886   -22.726
   -27.323   -30.236   -31.029   -30.505   -28.623   -24.995   -23.132   -25.631
   -26.747   -29.089   -30.909   -33.796   -34.986   -33.445   -26.648   -18.507
   -13.389    -7.359    -1.043     3.781     1.393    -3.293    -9.188   -14.223
   -17.423   -14.309    -8.516    -3.262    -1.369    -1.269     -.531      .517
     5.465    10.259    15.712    18.406    16.687    12.994     8.913     6.253
     4.584     1.717     -.677     -.791     1.556     4.975     7.366     8.603
    10.115    12.599    18.409    20.399    19.475    17.376    16.570    15.401
    10.213     3.676    -4.715    -8.005    -7.017      .677     8.170    16.209
    16.670     9.086     1.750    -3.455    -1.847     -.273     -.046    -2.486
    -2.685      .573     6.171     8.037     5.465     3.249     7.392    17.035
    24.295    27.891    28.129    23.946    16.458     9.170     2.644    -3.451
    -5.210    -5.970    -8.194   -10.633   -13.024   -12.741    -9.074    -1.719
     3.128     3.601     3.713     4.582     3.747     5.253     7.886     6.280
     5.167     3.192     2.528     2.049      .515     1.784      .796    -1.879
    -6.161    -6.962    -3.955    -3.228    -5.485    -7.398    -9.988   -11.079
   -10.644   -10.351   -10.118    -9.590   -11.468   -18.445   -23.401   -20.355
   -13.175    -7.108    -5.354    -5.487    -5.223    -4.865    -2.298    -1.955
     -.489     1.236    -1.391    -1.799     -.710     3.200     7.063     7.114
     2.077    -5.073    -7.806    -8.635    -9.857   -10.362    -7.919    -5.056
    -2.634    -2.093     -.386     2.085     5.814    10.706    14.718    17.622
    17.297    14.727     9.954     2.344    -6.655   -12.082   -13.263   -12.504
   -10.545   -10.870   -10.709    -8.085    -4.377    -3.307    -6.348    -6.978
    -2.346     1.971     3.395     4.279     5.619     3.948     2.945     4.988
     5.053     3.350     1.009    -3.226    -7.321    -7.202    -1.986     2.952
     3.034     3.506     5.957     8.139    11.502    16.214    16.183    10.782
     4.616     2.126     5.531     8.826     9.461     8.974     7.055     4.318
     2.928     3.936     8.539    12.479    14.958    14.993    13.805    11.126
     6.706     3.365     1.861     3.739     7.296     8.484     7.344     5.526
     2.442     4.066     4.716     2.105     -.197     -.559    -1.093    -2.822
    -5.543   -13.466   -22.067   -29.501   -32.311   -32.069   -30.183   -26.513
   -22.521   -16.492   -10.538    -7.455    -5.417    -3.305     1.473     7.639
     9.943    10.391     7.234      .352    -6.029    -9.308    -9.475    -7.159
    -6.191    -4.790     -.812     3.167     6.123     7.728     6.727     4.062
     1.668      .783    -1.110    -1.892    -2.500    -3.297    -3.006    -2.165
    -1.214      .122     4.305     9.246    15.746    21.528    25.097    26.061
    22.243    16.654    11.982     9.214     6.920     4.006     3.057     2.348
     1.287    -1.047    -2.407    -2.136    -1.854     1.170     3.646     3.876
     3.727      .690    -3.359    -8.635   -13.900   -16.717   -19.458   -18.814
   -15.795   -12.675    -8.619    -3.023     3.159     6.856    10.051    11.527
    11.271    10.767     8.999     7.215     4.247      .898    -3.708    -8.175
   -10.380    -9.188    -7.078    -7.151    -7.903   -10.301    -9.377    -7.806
    -5.209    -2.326    -2.320    -2.867    -5.885    -8.387   -11.207   -14.795
   -17.461   -18.308   -16.743   -13.003    -7.490    -2.337      .795     3.538
     5.332     7.198     9.140    10.646    11.957    10.261     6.485     2.575
     -.442    -3.808    -3.971    -1.328     4.330    10.031    13.937    16.180
    17.183    17.247    15.897    13.680    11.122     7.329      .606    -5.442
    -7.698    -6.640    -3.286      .585     1.471     1.125     2.013     2.595
      .810    -1.324    -3.488    -5.045    -7.371    -6.923    -4.524    -1.848
    -1.473      .093     1.976     2.040     4.609     5.562     7.981     8.014
     5.389     1.494     -.493      .325     2.813     6.231     8.946    11.121
    10.219     7.735     2.613    -2.499    -6.686   -10.333   -11.290   -10.237
    -8.593    -6.012    -3.080     -.046     2.514     2.810     4.934     5.996
     6.453     6.549     6.291     4.568     3.690     3.589     1.224     1.461
     1.441     -.660    -1.354     -.918    -1.069     -.613    -2.788    -3.651
    -5.862    -4.971    -3.173    -2.167    -1.996    -3.222    -3.970    -7.706
    -8.748    -6.652    -5.699    -5.926    -5.680    -4.574    -1.229     1.952
     5.611     8.791     8.908     9.064     7.422     4.794     2.075      .042
     -.620    -3.796    -6.084    -6.432    -6.436    -6.735    -6.797    -7.649
    -8.732    -7.672    -7.535    -7.419    -6.967    -6.384    -5.640    -4.149
    -2.658    -3.296    -3.177    -3.653    -3.373    -2.856    -2.404    -1.125
    -2.248    -4.804    -7.592    -7.717    -4.931     -.349     3.494     6.489
     8.616     8.628     8.928     7.018     4.145     1.221    -1.334    -1.783
    -1.822    -3.687    -2.925    -2.217    -2.795    -1.325     1.216     2.808
     4.553     6.408     8.354     8.345     9.975    11.412    11.002    10.888
     8.849     7.397     4.695     1.513    -1.578    -3.565    -3.832    -3.442
    -1.382     1.485     2.236     2.875     2.680     2.362     2.408     1.615
     1.398     2.933     5.559     9.116    11.754    12.469    13.705    12.806
    12.027     9.598     5.506     1.769    -1.163    -1.743    -1.643      .756
     1.747     1.920     1.318    -1.175    -3.056    -5.558    -6.276    -5.936
    -3.775     -.387      .505      .577      .550    -2.661    -5.082    -4.994
    -6.489    -7.546    -5.921    -4.053    -3.983    -5.200    -7.619    -9.330
    -9.447    -7.423    -4.170    -2.607     -.821     -.001    -2.100    -2.958
    -2.819    -2.880    -4.986    -5.741    -5.711    -4.967    -2.414     -.285
      .605      .271    -1.888    -2.868    -2.423    -1.764     -.168      .124
      .377      .055      .458     -.263    -2.493    -3.327    -5.661    -5.920
    -6.001    -5.829    -3.672    -3.397    -3.524    -3.647    -3.707    -3.904
    -3.788    -1.482      .542     2.830     3.597      .991     2.160     3.914
     5.963     8.390     8.012     5.374     3.123     2.748     1.707     2.243
     3.220     5.744     7.925     7.927    10.211     8.903     7.225     7.180
     4.621     3.675     3.795     3.534     5.275     5.815     4.560     3.300
     3.185     2.629     -.104     -.155    -1.191    -3.155    -3.477    -5.195
    -6.715    -4.976    -3.259    -1.439     -.710     -.911      .197     -.452
     -.907    -2.387    -4.880    -7.583   -10.413   -12.639   -13.368   -12.305
    -9.221    -5.178    -1.288     1.882     3.936     5.323     4.412     2.581
     2.183     2.384     3.321     2.999     2.015     2.733     1.654     -.178
     -.586     -.650     -.015      .931     3.048     3.249     4.884     6.487
     6.303     6.724     6.983     7.022     7.075     9.474    10.103    10.057
    10.161     8.815     6.839     4.915     3.013     1.666     1.983      .713
     -.928     -.506    -2.463    -3.791    -3.567    -3.608    -3.505    -3.483
    -3.475    -3.194    -4.099    -6.309    -6.288    -6.391    -6.459    -6.103
    -4.492    -3.621    -5.357    -5.905    -5.593    -6.056    -5.454    -5.391
    -5.420    -3.258    -2.892    -2.994    -2.914    -3.086    -4.932    -6.035
    -5.444    -4.568    -3.210    -3.380    -3.386    -3.455    -3.481    -3.505
    -3.610    -2.404      .181     2.144     2.296     2.148     2.166     2.059
     1.974     1.920     1.890     2.679     2.299     3.414     4.600     4.383
     4.269     4.245     3.297     1.334      .382    -1.562    -2.380     -.957
      .880      .494      .708     -.617    -2.570    -2.529    -2.765     -.465
     -.031     1.092     2.928     3.202     5.592     5.346     6.917     8.425
     8.252     7.732     5.736     5.184     3.334      .223     -.804      .999
     3.134     5.026     5.132     4.779     4.811     2.662     1.731     -.215
    -1.190     -.804    -1.624    -1.229    -1.040      .195     1.889     1.949
     1.914     1.907      .054     -.700     -.633     -.859    -1.093    -1.712
    -1.323     -.770     -.717     -.719     -.678     -.736     -.788    -3.021
    -3.612    -3.826    -6.337    -6.500    -6.478    -6.346    -6.400    -5.752
    -5.770    -6.114    -6.322    -6.706    -6.089    -6.105    -4.203    -2.811
    -2.980    -2.886    -2.842    -2.662     -.934     -.406    -1.039     -.108
      .018      .369      .405      .444      .636      .624     2.028     3.729
     3.648     3.750     3.853     3.899     4.753     4.748     4.680     5.113
     6.227     5.466     5.595     7.593     7.637     7.729     7.350     5.530
     2.745     1.839     1.757     2.118     1.704     3.007     4.867     6.478
     6.498     4.801     4.173     1.986     1.504     -.387    -1.158    -1.083
    -3.322    -4.190    -4.424    -4.104    -3.794    -3.886    -3.788    -3.863
    -3.826    -3.899    -3.916    -3.982    -4.003    -4.066    -4.093    -4.149
    -4.517    -4.416    -4.115    -4.320    -2.341    -1.381    -1.299    -2.447
    -4.246    -4.585    -4.161    -2.127    -1.692    -1.773    -1.876     -.640
     -.858    -2.632    -3.267    -2.361    -2.085    -3.111    -3.897    -5.056
    -5.324    -4.595    -2.911    -2.418    -1.022      .209      .406     3.019
     5.794     7.616     7.507     5.533     3.401     2.984     3.249     3.048
     3.194     2.988     3.924     5.864     5.450     3.034     2.766     2.753
     2.634     2.684     2.446     4.641     5.827     7.230     6.801     5.384
     5.741     5.582     5.714     5.556     4.686     4.837     5.438     5.635
     4.079     2.922     1.959     -.171    -2.214    -5.089    -7.850    -9.177
   -10.356   -11.754    -9.985    -8.987    -7.598    -6.442    -6.656    -5.043
    -4.468    -4.943    -3.511    -3.689    -3.218    -2.460    -2.878    -3.138
    -1.284     -.808     -.452     1.835     2.799     4.954     5.042     5.047
     5.019     5.068     4.742     3.460     2.647     1.915     2.068      .057
     -.947    -1.646    -3.650    -3.768    -3.756    -3.783    -3.760    -3.805